100 100 6.6e-05
200 200 0.000203
300 300 0.000231
400 400 0.000346
500 500 0.000415
600 600 0.000594
700 700 0.001116
800 800 0.001481
900 900 0.001398
1000 1000 0.001719
1100 1100 0.001554
1200 1200 0.001795
1300 1300 0.001992
1400 1400 0.003304
1500 1500 0.004225
1600 1600 0.004838
1700 1700 0.00546
1800 1800 0.005614
1900 1900 0.006177
2000 2000 0.006698
2100 2100 0.007383
2200 2200 0.007945
2300 2300 0.00815
2400 2400 0.006644
2500 2500 0.009121
2600 2600 0.011301
2700 2700 0.012506
2800 2800 0.011201
2900 2900 0.010273
3000 3000 0.01491
3100 3100 0.014071
3200 3200 0.012105
3300 3300 0.012874
3400 3400 0.013804
3500 3500 0.015139
3600 3600 0.017514
3700 3700 0.016585
3800 3800 0.017032
3900 3900 0.017948
4000 4000 0.019148
4100 4100 0.019947
4200 4200 0.020797
4300 4300 0.021912
4400 4400 0.022916
4500 4500 0.027152
4600 4600 0.025082
4700 4700 0.029602
4800 4800 0.030853
4900 4900 0.031584
5000 5000 0.032554
5100 5100 0.031025
5200 5200 0.031967
5300 5300 0.033493
5400 5400 0.034517
5500 5500 0.036091
5600 5600 0.036346
5700 5700 0.038021
5800 5800 0.038851
5900 5900 0.040149
6000 6000 0.042116
6100 6100 0.046116
6200 6200 0.044636
6300 6300 0.049586
6400 6400 0.047234
6500 6500 0.048992
6600 6600 0.05051
6700 6700 0.051472
6800 6800 0.053605
6900 6900 0.055047
7000 7000 0.057437
7100 7100 0.059408
7200 7200 0.061308
7300 7300 0.066014
7400 7400 0.068145
7500 7500 0.065744
7600 7600 0.067453
7700 7700 0.072164
7800 7800 0.072856
7900 7900 0.075458
8000 8000 0.076503
8100 8100 0.077964
8200 8200 0.079999
8300 8300 0.080059
8400 8400 0.080738
8500 8500 0.087829
8600 8600 0.090594
8700 8700 0.094022
8800 8800 0.088813
8900 8900 0.090159
9000 9000 0.096757
9100 9100 0.100305
9200 9200 0.099878
9300 9300 0.103035
9400 9400 0.104027
9500 9500 0.111215
9600 9600 0.107777
9700 9700 0.108278
9800 9800 0.109145
9900 9900 0.112282
10000 10000 0.115429
10100 10100 0.122344
10200 10200 0.123656
10300 10300 0.124317
10400 10400 0.124752
10500 10500 0.125928
10600 10600 0.128361
10700 10700 0.131182
10800 10800 0.13539
10900 10900 0.138294
11000 11000 0.139302
11100 11100 0.143315
11200 11200 0.15182
11300 11300 0.148987
11400 11400 0.149926
11500 11500 0.150639
11600 11600 0.157061
11700 11700 0.159922
11800 11800 0.16286
11900 11900 0.164802
12000 12000 0.173818
12100 12100 0.166548
12200 12200 0.174105
12300 12300 0.184945
12400 12400 0.180169
12500 12500 0.187614
12600 12600 0.183616
12700 12700 0.186083
12800 12800 0.194209
12900 12900 0.193777
13000 13000 0.1957
13100 13100 0.196022
13200 13200 0.197837
13300 13300 0.202584
13400 13400 0.210542
13500 13500 0.208417
13600 13600 0.214283
13700 13700 0.213281
13800 13800 0.220946
13900 13900 0.22399
14000 14000 0.229548
14100 14100 0.225521
14200 14200 0.233258
14300 14300 0.238678
14400 14400 0.242319
14500 14500 0.241606
14600 14600 0.246232
14700 14700 0.255018
14800 14800 0.253132
14900 14900 0.257233
15000 15000 0.262505
15100 15100 0.269299
15200 15200 0.262638
15300 15300 0.267795
15400 15400 0.273939
15500 15500 0.279728
15600 15600 0.279899
15700 15700 0.282505
15800 15800 0.28706
15900 15900 0.288932
16000 16000 0.301514
16100 16100 0.29499
16200 16200 0.299613
16300 16300 0.306582
16400 16400 0.311792
16500 16500 0.313737
16600 16600 0.31586
16700 16700 0.320991
16800 16800 0.338843
16900 16900 0.325763
17000 17000 0.331876
17100 17100 0.337787
17200 17200 0.338048
17300 17300 0.341102
17400 17400 0.345946
17500 17500 0.354273
17600 17600 0.363826
17700 17700 0.362071
17800 17800 0.371715
17900 17900 0.373961
18000 18000 0.372698
18100 18100 0.39059
18200 18200 0.386754
18300 18300 0.38457
18400 18400 0.39274
18500 18500 0.39518
18600 18600 0.399412
18700 18700 0.406684
18800 18800 0.405892
18900 18900 0.410369
19000 19000 0.418329
19100 19100 0.417697
19200 19200 0.426019
19300 19300 0.42851
19400 19400 0.432464
19500 19500 0.431264
19600 19600 0.443758
19700 19700 0.463598
19800 19800 0.459508
19900 19900 0.467549
20000 20000 0.478031
20100 20100 0.476576
20200 20200 0.470909
20300 20300 0.476173
20400 20400 0.475768
20500 20500 0.486265
20600 20600 0.499479
20700 20700 0.521228
20800 20800 0.512143
20900 20900 0.511122
21000 21000 0.524039
21100 21100 0.517925
21200 21200 0.513323
21300 21300 0.518286
21400 21400 0.543494
21500 21500 0.543602
21600 21600 0.541069
21700 21700 0.560181
21800 21800 0.549884
21900 21900 0.559924
22000 22000 0.563163
22100 22100 0.579945
22200 22200 0.580368
22300 22300 0.603984
22400 22400 0.600264
22500 22500 0.589316
22600 22600 0.58467
22700 22700 0.595834
22800 22800 0.595947
22900 22900 0.601982
23000 23000 0.624983
23100 23100 0.623721
23200 23200 0.629077
23300 23300 0.637895
23400 23400 0.635267
23500 23500 0.633344
23600 23600 0.645266
23700 23700 0.664238
23800 23800 0.671522
23900 23900 0.664915
24000 24000 0.659694
24100 24100 0.670993
24200 24200 0.671265
24300 24300 0.682941
24400 24400 0.684956
24500 24500 0.688146
24600 24600 0.688798
24700 24700 0.697089
24800 24800 0.713383
24900 24900 0.711476
25000 25000 0.712741
25100 25100 0.729091
25200 25200 0.72832
25300 25300 0.731011
25400 25400 0.755146
25500 25500 0.751678
25600 25600 0.745686
25700 25700 0.758922
25800 25800 0.767769
25900 25900 0.769108
26000 26000 0.775238
26100 26100 0.77865
26200 26200 0.787783
26300 26300 0.792589
26400 26400 0.800556
26500 26500 0.809339
26600 26600 0.805483
26700 26700 0.823773
26800 26800 0.822631
26900 26900 0.855613
27000 27000 0.837819
27100 27100 0.840853
27200 27200 0.853684
27300 27300 0.867564
27400 27400 0.8622
27500 27500 0.867857
27600 27600 0.875021
27700 27700 0.88072
27800 27800 0.88534
27900 27900 0.887856
28000 28000 0.891747
28100 28100 0.902059
28200 28200 0.904945
28300 28300 0.915909
28400 28400 0.920642
28500 28500 0.931368
28600 28600 0.937577
28700 28700 0.947792
28800 28800 0.953694
28900 28900 0.955869
29000 29000 0.960291
29100 29100 0.970204
29200 29200 0.969375
29300 29300 0.984133
29400 29400 0.982668
29500 29500 0.999001
29600 29600 0.995528
29700 29700 1.02831
29800 29800 1.02231
29900 29900 1.02405
30000 30000 1.02781
